40 3 120
1 0.05 0.01
1    1    3    13   116  4    D
2    1    4    10   22   3    D
3    2    4    9    127  1    C
4    1    6    12   169  8    B
5    1    8    3    124  8    D
6    1    12   13   59   10   D
7    1    15   2    43   10   B
8    2    16   15   138  9    A
9    1    16   9    127  2    A
10   2    17   3    171  7    B
11   2    17   15   128  7    B
12   2    18   14   58   5    D
13   2    20   15   168  5    A
14   1    23   8    9    7    C
15   1    26   4    52   5    D
16   1    28   12   169  10   A
17   1    29   10   140  6    C
18   1    33   3    2    8    C
19   1    35   8    157  2    A
20   2    36   1    90   5    D
-1

